#Layer_Color=8388736
#
#Feature symbol names
#
$0 r10
$1 r3.937

#
#Feature attribute names
#

#
#Layer features
#
A 1.8413387 2.6307086 1.8413387 2.6307086 1.8196851 2.6307086 1 P 0 N
A 1.8433072 2.6307086 1.8433072 2.6307086 1.8196851 2.6307086 1 P 0 N
A 1.8492127 1.8629921 1.8492127 1.8629921 1.8275591 1.8629921 1 P 0 N
A 1.8511812 1.8629921 1.8511812 1.8629921 1.8275591 1.8629921 1 P 0 N
L 0.9919289 2.2966535 0.9919289 2.5064961 1 P 0
L 0.9919289 2.2966535 1.0200785 2.2966535 1 P 0
L 0.9919289 2.5064961 1.0200785 2.5064961 1 P 0
L 1.0200785 2.2966535 1.0200785 2.5084646 1 P 0
L 1.0200785 2.2966535 1.0283856 2.2797637 1 P 0
L 1.0200785 2.2966535 1.0283856 2.5233859 1 P 0
L 1.0200785 2.2966535 1.0338187 2.5233859 1 P 0
L 1.0200785 2.2966535 1.0421257 2.5084646 1 P 0
L 1.0200785 2.5084646 1.0283856 2.5233859 1 P 0
L 1.0283856 2.2797637 1.0338187 2.2797637 1 P 0
L 1.0283856 2.2797637 1.0504328 2.5233859 1 P 0
L 1.0283856 2.5233859 1.0338187 2.5233859 1 P 0
L 1.0338187 2.2797637 1.0421257 2.294685 1 P 0
L 1.0338187 2.2797637 1.0558659 2.5233859 1 P 0
L 1.0338187 2.5233859 1.0421257 2.5084646 1 P 0
L 1.0421257 2.294685 1.0504328 2.2797637 1 P 0
L 1.0421257 2.294685 1.064173 2.5084646 1 P 0
L 1.0421257 2.5084646 1.0504328 2.5233859 1 P 0
L 1.0504328 2.2797637 1.0558659 2.2797637 1 P 0
L 1.0504328 2.2797637 1.0724801 2.5233859 1 P 0
L 1.0504328 2.5233859 1.0558659 2.5233859 1 P 0
L 1.0558659 2.2797637 1.064173 2.294685 1 P 0
L 1.0558659 2.2797637 1.0779132 2.5233859 1 P 0
L 1.0558659 2.5233859 1.064173 2.5084646 1 P 0
L 1.064173 2.294685 1.0724801 2.2797637 1 P 0
L 1.064173 2.294685 1.0862203 2.5084646 1 P 0
L 1.064173 2.5084646 1.0724801 2.5233859 1 P 0
L 1.0724801 2.2797637 1.0779132 2.2797637 1 P 0
L 1.0724801 2.2797637 1.0945274 2.5233859 1 P 0
L 1.0724801 2.5233859 1.0779132 2.5233859 1 P 0
L 1.0779132 2.2797637 1.0862203 2.294685 1 P 0
L 1.0779132 2.2797637 1.0999604 2.5233859 1 P 0
L 1.0779132 2.5233859 1.0862203 2.5084646 1 P 0
L 1.0862203 2.294685 1.0945274 2.2797637 1 P 0
L 1.0862203 2.294685 1.1082675 2.5084646 1 P 0
L 1.0862203 2.5084646 1.0945274 2.5233859 1 P 0
L 1.0945274 2.2797637 1.0999604 2.2797637 1 P 0
L 1.0945274 2.2797637 1.1165746 2.5233859 1 P 0
L 1.0945274 2.5233859 1.0999604 2.5233859 1 P 0
L 1.0999604 2.2797637 1.1082675 2.294685 1 P 0
L 1.0999604 2.2797637 1.1220077 2.5233859 1 P 0
L 1.0999604 2.5233859 1.1082675 2.5084646 1 P 0
L 1.1082675 2.294685 1.1165746 2.2797637 1 P 0
L 1.1082675 2.294685 1.1303148 2.5084646 1 P 0
L 1.1082675 2.5084646 1.1165746 2.5233859 1 P 0
L 1.1165746 2.2797637 1.1220077 2.2797637 1 P 0
L 1.1165746 2.2797637 1.1386219 2.5233859 1 P 0
L 1.1165746 2.5233859 1.1220077 2.5233859 1 P 0
L 1.1220077 2.2797637 1.1303148 2.294685 1 P 0
L 1.1220077 2.2797637 1.1440549 2.5233859 1 P 0
L 1.1220077 2.5233859 1.1303148 2.5084646 1 P 0
L 1.1303148 2.294685 1.1386219 2.2797637 1 P 0
L 1.1303148 2.294685 1.152362 2.5084646 1 P 0
L 1.1303148 2.5084646 1.1386219 2.5233859 1 P 0
L 1.1386219 2.2797637 1.1440549 2.2797637 1 P 0
L 1.1386219 2.2797637 1.1606691 2.5233859 1 P 0
L 1.1386219 2.5233859 1.1440549 2.5233859 1 P 0
L 1.1440549 2.2797637 1.152362 2.294685 1 P 0
L 1.1440549 2.2797637 1.1661022 2.5233859 1 P 0
L 1.1440549 2.5233859 1.152362 2.5084646 1 P 0
L 1.152362 2.294685 1.1606691 2.2797637 1 P 0
L 1.152362 2.294685 1.1744093 2.5083738 1 P 0
L 1.152362 2.5084646 1.1606691 2.5233859 1 P 0
L 1.1606691 2.2797637 1.1661022 2.2797637 1 P 0
L 1.1606691 2.2797637 1.1744093 2.5083738 1 P 0
L 1.1606691 2.5233859 1.1661022 2.5233859 1 P 0
L 1.1661022 2.2797637 1.1744093 2.294685 1 P 0
L 1.1661022 2.2797637 1.1744093 2.5064959 1 P 0
L 1.1661022 2.5233859 1.1744093 2.5083738 1 P 0
L 1.1744093 2.294685 1.1744093 2.5083738 1 P 0
L 1.1744093 2.2966535 1.1891731 2.3049893 1 P 0
L 1.1744093 2.5064959 1.1891731 2.4979288 1 P 0
L 1.1891731 2.3049891 1.1891731 2.4979288 1 P 0
L 1.1891731 2.3049893 1.3021653 2.3049893 1 P 0
L 1.1891731 2.4979288 1.3021653 2.4979288 1 P 0
L 1.3021653 2.2141731 1.3021653 2.5889765 1 P 0
L 1.3021653 2.2141731 1.5541339 2.2141731 1 P 0
L 1.3021653 2.5889765 1.5541339 2.5889765 1 P 0
L 1.3671259 2.2141731 1.3671259 2.4015748 1 P 0
L 1.3671259 2.2543306 1.5541339 2.2543306 1 P 0
L 1.3671259 2.3916815 1.4423228 2.3916815 1 P 0
L 1.3671259 2.4015748 1.3671259 2.5889765 1 P 0
L 1.3671259 2.4015748 1.6043307 2.4015748 1 P 0
L 1.3671259 2.4114681 1.4423228 2.4114681 1 P 0
L 1.3671259 2.548819 1.5541339 2.548819 1 P 0
L 1.3779528 1.7598425 1.3779528 3.0669291 0 P 0
L 1.3779528 1.7598425 3.7401575 1.7598425 0 P 0
L 1.3779528 3.0669291 3.7401575 3.0669291 0 P 0
L 1.4423228 2.3916815 1.4423228 2.4114681 1 P 0
L 1.5541339 2.2141731 1.5541339 2.2543306 1 P 0
L 1.5541339 2.548819 1.5541339 2.5889765 1 P 0
L 1.7200787 2.6078739 1.7200787 2.6299212 1 P 0
L 1.7200787 2.6078739 1.7287401 2.6078739 1 P 0
L 1.7200787 2.6299212 1.7287401 2.6299212 1 P 0
L 1.7200787 2.7165354 1.7202059 2.7385827 1 P 0
L 1.7200787 2.7165354 1.7287401 2.7165354 1 P 0
L 1.7202059 2.7385827 1.7287401 2.7385827 1 P 0
L 1.7279527 1.8401574 1.7279527 1.8622047 1 P 0
L 1.7279527 1.8401574 1.7366141 1.8401574 1 P 0
L 1.7279527 1.8622047 1.7366141 1.8622047 1 P 0
L 1.7279527 1.9488189 1.7280799 1.9708662 1 P 0
L 1.7279527 1.9488189 1.7366141 1.9488189 1 P 0
L 1.7280799 1.9708662 1.7366141 1.9708662 1 P 0
L 1.7287401 2.5964566 1.7287401 2.75 1 P 0
L 1.7287401 2.5964566 1.8539371 2.5964566 1 P 0
L 1.7287401 2.75 1.8539371 2.75 1 P 0
L 1.7366141 1.8287401 1.7366141 1.9822835 1 P 0
L 1.7366141 1.8287401 1.8618111 1.8287401 1 P 0
L 1.7366141 1.9822835 1.8618111 1.9822835 1 P 0
L 1.8000269 2.6216292 1.8287644 2.6503667 1 P 0
L 1.8079009 1.8539127 1.8366384 1.8826502 1 P 0
L 1.8106057 2.6110505 1.8393432 2.6397879 1 P 0
L 1.8184797 1.843334 1.8472172 1.8720714 1 P 0
L 1.8539371 2.5964566 1.8539371 2.75 1 P 0
L 1.8539371 2.653937 1.8625985 2.653937 1 P 0
L 1.8539371 2.6925196 1.8625985 2.6925196 1 P 0
L 1.8618111 1.8287401 1.8618111 1.9822835 1 P 0
L 1.8618111 1.8862205 1.8704725 1.8862205 1 P 0
L 1.8618111 1.9248031 1.8704725 1.9248031 1 P 0
L 1.8625985 2.653937 1.8625985 2.6925196 1 P 0
L 1.8704725 1.8862205 1.8704725 1.9248031 1 P 0
L 2.3956693 2.7795276 2.3956693 2.9133858 1 P 0
L 2.3956693 2.7795276 2.4704725 2.7795276 1 P 0
L 2.3956693 2.9133858 2.4704725 2.9133858 1 P 0
L 2.4704725 2.7795276 2.4704725 2.9133858 1 P 0
L 3.1850394 2.5334645 3.1850394 2.6082677 1 P 0
L 3.1850394 2.5334645 3.3188976 2.5334645 1 P 0
L 3.1850394 2.6082677 3.3188976 2.6082677 1 P 0
L 3.3188976 2.5334645 3.3188976 2.6082677 1 P 0
L 3.7401575 1.7598425 3.7401575 3.0669291 0 P 0
