#Layer_Color=32768
#
#Feature symbol names
#
$0 r10
$1 r3.937
$2 r1.9685

#
#Feature attribute names
#

#
#Layer features
#
L 0.9820863 2.2699212 0.9820863 2.5332284 1 P 0
L 0.9820863 2.2699212 1.2923227 2.2699212 1 P 0
L 0.9820863 2.5332284 1.2923227 2.5332284 1 P 0
L 1.2923227 2.1929133 1.2923227 2.2699212 1 P 0
L 1.2923227 2.1929133 1.58563 2.1929133 1 P 0
L 1.2923227 2.5332284 1.2923227 2.6102363 1 P 0
L 1.2923227 2.6102363 1.58563 2.6102363 1 P 0
L 1.3769684 2.2755905 1.3769684 2.3622047 1 P 0
L 1.3769684 2.2755905 1.58563 2.2755905 1 P 0
L 1.3769684 2.3622047 1.4734252 2.3622047 1 P 0
L 1.3769684 2.4409449 1.3769684 2.5275591 1 P 0
L 1.3769684 2.4409449 1.4734252 2.4409449 1 P 0
L 1.3769684 2.5275591 1.58563 2.5275591 1 P 0
L 1.3779528 1.7598425 1.3779528 3.0669291 0 P 0
L 1.3779528 1.7598425 3.7401575 1.7598425 0 P 0
L 1.3779528 3.0669291 3.7401575 3.0669291 0 P 0
L 1.4734252 2.3622047 1.4734252 2.4409449 1 P 0
L 1.58563 2.1929133 1.58563 2.2755905 1 P 0
L 1.58563 2.5275591 1.58563 2.6102363 1 P 0
L 1.7051181 2.5866141 1.7051181 2.7598425 2 P 0
L 1.7051181 2.5866141 1.8775591 2.5866141 2 P 0
L 1.7051181 2.7598425 1.8775591 2.7598425 2 P 0
L 1.7129921 1.8188976 1.7129921 1.992126 2 P 0
L 1.7129921 1.8188976 1.8854331 1.8188976 2 P 0
L 1.7129921 1.992126 1.8854331 1.992126 2 P 0
L 1.8775591 2.5866141 1.8775591 2.7598425 2 P 0
L 1.8854331 1.8188976 1.8854331 1.992126 2 P 0
L 2.3937008 2.7775591 2.3937008 2.9153543 2 P 0
L 2.3937008 2.7775591 2.472441 2.7775591 2 P 0
L 2.3937008 2.9153543 2.472441 2.9153543 2 P 0
L 2.4133859 2.8464567 2.4527559 2.8464567 2 P 0
L 2.4330709 2.8267717 2.4330709 2.8661417 2 P 0
L 2.472441 2.7775591 2.472441 2.9153543 2 P 0
L 3.007874 2.8070866 3.007874 2.9330709 1 P 0
L 3.007874 2.8070866 3.1338583 2.8070866 1 P 0
L 3.007874 2.9330709 3.1338583 2.9330709 1 P 0
L 3.0511811 2.8700787 3.0905512 2.8700787 1 P 0
L 3.0708661 2.8503937 3.0708661 2.8897638 1 P 0
L 3.1338583 2.8070866 3.1338583 2.9330709 1 P 0
L 3.1830709 2.531496 3.1830709 2.6102362 2 P 0
L 3.1830709 2.531496 3.3208661 2.531496 2 P 0
L 3.1830709 2.6102362 3.3208661 2.6102362 2 P 0
L 3.2322835 2.5708661 3.2716535 2.5708661 2 P 0
L 3.2519685 2.5511811 3.2519685 2.5905511 2 P 0
L 3.3208661 2.531496 3.3208661 2.6102362 2 P 0
L 3.7401575 1.7598425 3.7401575 3.0669291 0 P 0
