#Layer_Color=32896
#
#Feature symbol names
#
$0 r10
$1 r3.937

#
#Feature attribute names
#

#
#Layer features
#
L 1.3710629 2.3720472 1.3710629 2.4311024 1 P 0
L 1.3710629 2.3720472 1.4635827 2.3720472 1 P 0
L 1.3710629 2.4311024 1.4635827 2.4311024 1 P 0
L 1.3779528 1.7598425 1.3779528 3.0669291 0 P 0
L 1.3779528 1.7598425 3.7401575 1.7598425 0 P 0
L 1.3779528 3.0669291 3.7401575 3.0669291 0 P 0
L 1.382874 2.2027558 1.382874 2.265748 1 P 0
L 1.382874 2.2027558 1.5757875 2.2027558 1 P 0
L 1.382874 2.265748 1.5757875 2.265748 1 P 0
L 1.382874 2.5374016 1.382874 2.6003938 1 P 0
L 1.382874 2.5374016 1.5757875 2.5374016 1 P 0
L 1.382874 2.6003938 1.5757875 2.6003938 1 P 0
L 1.3976377 2.4015748 1.4173228 2.4015748 1 P 0
L 1.4173228 2.3818897 1.4173228 2.4015748 1 P 0
L 1.4173228 2.4015748 1.4173228 2.4212599 1 P 0
L 1.4173228 2.4015748 1.4370079 2.4015748 1 P 0
L 1.4596457 2.2342519 1.4793307 2.2342519 1 P 0
L 1.4596457 2.5688977 1.4793307 2.5688977 1 P 0
L 1.4635827 2.3720472 1.4635827 2.4311024 1 P 0
L 1.4793307 2.2145668 1.4793307 2.2342519 1 P 0
L 1.4793307 2.2342519 1.4793307 2.2539369 1 P 0
L 1.4793307 2.2342519 1.4990158 2.2342519 1 P 0
L 1.4793307 2.5492127 1.4793307 2.5688977 1 P 0
L 1.4793307 2.5688977 1.4793307 2.5885828 1 P 0
L 1.4793307 2.5688977 1.4990158 2.5688977 1 P 0
L 1.5757875 2.2027558 1.5757875 2.265748 1 P 0
L 1.5757875 2.5374016 1.5757875 2.6003938 1 P 0
L 1.7149606 2.6003936 1.7149606 2.6358267 1 P 0
L 1.7149606 2.6003936 1.7779528 2.6003936 1 P 0
L 1.7149606 2.6358267 1.7779528 2.6358267 1 P 0
L 1.7149606 2.7106299 1.7149606 2.746063 1 P 0
L 1.7149606 2.7106299 1.7779528 2.7106299 1 P 0
L 1.7149606 2.746063 1.7779528 2.746063 1 P 0
L 1.7228346 1.8326771 1.7228346 1.8681102 1 P 0
L 1.7228346 1.8326771 1.7858268 1.8326771 1 P 0
L 1.7228346 1.8681102 1.7858268 1.8681102 1 P 0
L 1.7228346 1.9429134 1.7228346 1.9783465 1 P 0
L 1.7228346 1.9429134 1.7858268 1.9429134 1 P 0
L 1.7228346 1.9783465 1.7858268 1.9783465 1 P 0
L 1.7267716 2.7283464 1.7464567 2.7283464 1 P 0
L 1.7346456 1.9606299 1.7543307 1.9606299 1 P 0
L 1.7716535 2.6732283 1.7913386 2.6732283 1 P 0
L 1.7779528 2.6003936 1.7779528 2.6358267 1 P 0
L 1.7779528 2.7106299 1.7779528 2.746063 1 P 0
L 1.7795275 1.9055118 1.7992126 1.9055118 1 P 0
L 1.7858268 1.8326771 1.7858268 1.8681102 1 P 0
L 1.7858268 1.9429134 1.7858268 1.9783465 1 P 0
L 1.7913386 2.6535432 1.7913386 2.6732283 1 P 0
L 1.7913386 2.6732283 1.7913386 2.6929134 1 P 0
L 1.7913386 2.6732283 1.8110236 2.6732283 1 P 0
L 1.7992126 1.8858267 1.7992126 1.9055118 1 P 0
L 1.7992126 1.9055118 1.7992126 1.9251969 1 P 0
L 1.7992126 1.9055118 1.8188976 1.9055118 1 P 0
L 1.8165355 2.6476377 1.8165355 2.6988189 1 P 0
L 1.8165355 2.6476377 1.8677166 2.6476377 1 P 0
L 1.8165355 2.6988189 1.8677166 2.6988189 1 P 0
L 1.8244095 1.8799212 1.8244095 1.9311024 1 P 0
L 1.8244095 1.8799212 1.8755906 1.8799212 1 P 0
L 1.8244095 1.9311024 1.8755906 1.9311024 1 P 0
L 1.8425197 2.6811023 1.8425197 2.7007873 1 P 0
L 1.8503937 1.9133858 1.8503937 1.9330708 1 P 0
L 1.8677166 2.6476377 1.8677166 2.6988189 1 P 0
L 1.8755906 1.8799212 1.8755906 1.9311024 1 P 0
L 3.7401575 1.7598425 3.7401575 3.0669291 0 P 0
